int x[21][63] = 
{
    // Huruf A
    {
        -1, -1,  1,  1, -1, -1, -1,
        -1, -1, -1,  1, -1, -1, -1,
        -1, -1, -1,  1, -1, -1, -1,
        -1, -1,  1, -1,  1, -1, -1,
        -1, -1,  1, -1,  1, -1, -1,
        -1,  1,  1,  1,  1,  1, -1,
        -1,  1, -1, -1, -1,  1, -1,
        -1,  1, -1, -1, -1,  1, -1,
         1,  1,  1, -1,  1,  1,  1,
    },
    // Huruf B
    {
         1,  1,  1,  1,  1,  1, -1,
        -1,  1, -1, -1, -1, -1,  1,
        -1,  1, -1, -1, -1, -1,  1,
        -1,  1, -1, -1, -1, -1,  1,
        -1,  1,  1,  1,  1,  1, -1,
        -1,  1, -1, -1, -1, -1,  1,
        -1,  1, -1, -1, -1, -1,  1,
        -1,  1, -1, -1, -1, -1,  1,
        1,  1,  1,  1,  1,  1, -1,    
    },
    // Huruf C
    {
        -1, -1,  1,  1,  1,  1,  1,
        -1,  1, -1, -1, -1, -1,  1,
         1, -1, -1, -1, -1, -1, -1,
         1, -1, -1, -1, -1, -1, -1,
         1, -1, -1, -1, -1, -1, -1,
         1, -1, -1, -1, -1, -1, -1,
         1, -1, -1, -1, -1, -1, -1,
        -1,  1, -1, -1, -1, -1,  1,
        -1, -1,  1,  1,  1,  1, -1,    
    },
    {
         1,  1,  1,  1,  1, -1, -1,
        -1,  1, -1, -1, -1,  1, -1,
        -1,  1, -1, -1, -1, -1,  1,
        -1,  1, -1, -1, -1, -1,  1,
        -1,  1, -1, -1, -1, -1,  1,
        -1,  1, -1, -1, -1, -1,  1,
        -1,  1, -1, -1, -1, -1,  1,
        -1,  1, -1, -1, -1,  1, -1,
         1,  1,  1,  1,  1, -1, -1,    
    },
    // Huruf E
    {
         1,  1,  1,  1,  1,  1,  1,
        -1,  1, -1, -1, -1, -1,  1,
        -1,  1, -1, -1, -1, -1, -1,
        -1,  1, -1,  1, -1, -1, -1,
        -1,  1,  1,  1, -1, -1, -1,
        -1,  1, -1,  1, -1, -1, -1,
        -1,  1, -1, -1, -1, -1, -1,
        -1,  1, -1, -1, -1, -1,  1,
         1,  1,  1,  1,  1,  1,  1,    
    },
    // Huruf J
    {
        -1, -1, -1, -1,  1,  1,  1,
        -1, -1, -1, -1, -1,  1, -1,
        -1, -1, -1, -1, -1,  1, -1,
        -1, -1, -1, -1, -1,  1, -1,
        -1, -1, -1, -1, -1,  1, -1,
        -1, -1, -1, -1, -1,  1, -1,
         1, -1, -1, -1, -1,  1, -1,
        -1,  1, -1, -1, -1,  1, -1,
        -1, -1,  1,  1,  1, -1, -1,    
    },
    // X[6]
    // Huruf K
    {
         1,  1,  1, -1, -1,  1,  1,
        -1,  1, -1, -1,  1, -1, -1,
        -1,  1, -1,  1, -1, -1, -1,
        -1,  1,  1, -1, -1, -1, -1,
        -1,  1,  1, -1, -1, -1, -1,
        -1,  1, -1,  1, -1, -1, -1,
        -1,  1, -1, -1,  1, -1, -1,
        -1,  1, -1, -1, -1,  1, -1,
         1,  1,  1, -1, -1,  1,  1,    
    },
    // Huruf A
    {
        -1, -1, -1,  1, -1, -1, -1,
        -1, -1, -1,  1, -1, -1, -1,
        -1, -1, -1,  1, -1, -1, -1,
        -1, -1,  1, -1,  1, -1, -1,
        -1, -1,  1, -1,  1, -1, -1,
        -1,  1, -1, -1, -1,  1, -1,
        -1,  1,  1,  1,  1,  1, -1,
        -1,  1, -1, -1, -1,  1, -1,
        -1,  1, -1, -1, -1,  1, -1,
    },
    // Huruf B
    {
        1,  1,  1,  1,  1,  1, -1,
        1, -1, -1, -1, -1, -1,  1,
        1, -1, -1, -1, -1, -1,  1,
        1, -1, -1, -1, -1, -1,  1,
        1,  1,  1,  1,  1,  1, -1,
        1, -1, -1, -1, -1, -1,  1,
        1, -1, -1, -1, -1, -1,  1,
        1, -1, -1, -1, -1, -1,  1,
        1,  1,  1,  1,  1,  1, -1,    
    },
    // Huruf C
    {
        -1, -1,  1,  1,  1, -1, -1,
        -1,  1, -1, -1, -1,  1, -1,
         1, -1, -1, -1, -1, -1,  1,
         1, -1, -1, -1, -1, -1, -1,
         1, -1, -1, -1, -1, -1, -1,
         1, -1, -1, -1, -1, -1, -1,
         1, -1, -1, -1, -1, -1,  1,
        -1,  1, -1, -1, -1,  1, -1,
        -1, -1,  1,  1,  1, -1, -1,    
    },
    // Huruf D
    {
        1,  1,  1,  1,  1, -1, -1,
        1, -1, -1, -1, -1,  1, -1,
        1, -1, -1, -1, -1, -1,  1,
        1, -1, -1, -1, -1, -1,  1,
        1, -1, -1, -1, -1, -1,  1,
        1, -1, -1, -1, -1, -1,  1,
        1, -1, -1, -1, -1, -1,  1,
        1, -1, -1, -1, -1,  1, -1,
        1,  1,  1,  1,  1, -1, -1,    
    },
    // Huruf E
    {
        1,  1,  1,  1,  1,  1,  1,
        1, -1, -1, -1, -1, -1, -1,
        1, -1, -1, -1, -1, -1, -1,
        1, -1, -1, -1, -1, -1, -1,
        1,  1,  1,  1,  1, -1, -1,
        1, -1, -1, -1, -1, -1, -1,
        1, -1, -1, -1, -1, -1, -1,
        1, -1, -1, -1, -1, -1, -1,
        1,  1,  1,  1,  1,  1,  1,    
    },
    // X[12]
    // Huruf J
    {
        -1, -1, -1, -1, -1,  1, -1,
        -1, -1, -1, -1, -1,  1, -1,
        -1, -1, -1, -1, -1,  1, -1,
        -1, -1, -1, -1, -1,  1, -1,
        -1, -1, -1, -1, -1,  1, -1,
        -1, -1, -1, -1, -1,  1, -1,
        -1,  1, -1, -1, -1,  1, -1,
        -1,  1, -1, -1, -1,  1, -1,
        -1, -1,  1,  1,  1, -1, -1,    
    },
    // X[13]
    // Huruf K
    {
         1,  1,  1, -1, -1,  1,  1,
        -1,  1, -1, -1,  1, -1, -1,
        -1,  1, -1,  1, -1, -1, -1,
        -1,  1,  1, -1, -1, -1, -1,
        -1,  1,  1, -1, -1, -1, -1,
        -1,  1, -1,  1, -1, -1, -1,
        -1,  1, -1, -1,  1, -1, -1,
        -1,  1, -1, -1, -1,  1, -1,
         1,  1,  1, -1, -1,  1,  1,    
    },
    {
        -1, -1, -1,  1, -1, -1, -1,
        -1, -1, -1,  1, -1, -1, -1,
        -1, -1,  1, -1,  1, -1, -1,
        -1, -1,  1, -1,  1, -1, -1,
        -1,  1, -1, -1, -1,  1, -1,
        -1,  1,  1,  1,  1,  1, -1,
         1, -1, -1, -1, -1, -1,  1,
         1, -1, -1, -1, -1, -1,  1,
         1,  1, -1, -1, -1,  1,  1,
    },
    // Huruf B
    {
         1,  1,  1,  1,  1,  1, -1,
        -1,  1, -1, -1, -1, -1,  1,
        -1,  1, -1, -1, -1, -1,  1,
        -1,  1,  1,  1,  1,  1, -1,
        -1,  1, -1, -1, -1, -1,  1,
        -1,  1, -1, -1, -1, -1,  1,
        -1,  1, -1, -1, -1, -1,  1,
        -1,  1, -1, -1, -1, -1,  1,
         1,  1,  1,  1,  1,  1, -1,    
    },
    // Huruf C
    {
        -1, -1,  1,  1,  1, -1,  1,
        -1,  1, -1, -1, -1,  1,  1,
         1, -1, -1, -1, -1, -1,  1,
         1, -1, -1, -1, -1, -1, -1,
         1, -1, -1, -1, -1, -1, -1,
         1, -1, -1, -1, -1, -1, -1,
         1, -1, -1, -1, -1, -1,  1,
        -1,  1, -1, -1, -1,  1, -1,
        -1, -1,  1,  1,  1, -1, -1,    
    },
    {
         1,  1,  1,  1,  1, -1, -1,
        -1,  1, -1, -1, -1,  1, -1,
        -1,  1, -1, -1, -1, -1,  1,
        -1,  1, -1, -1, -1, -1,  1,
        -1,  1, -1, -1, -1, -1,  1,
        -1,  1, -1, -1, -1, -1,  1,
        -1,  1, -1, -1, -1, -1,  1,
        -1,  1, -1, -1, -1,  1, -1,
         1,  1,  1,  1,  1, -1, -1,    
    },
    {
         1,  1,  1,  1,  1,  1,  1,
        -1,  1, -1, -1, -1, -1, -1,
        -1,  1, -1, -1,  1, -1, -1,
        -1,  1,  1,  1,  1, -1, -1,
        -1,  1, -1, -1,  1, -1, -1,
        -1,  1, -1, -1, -1, -1, -1,
        -1,  1, -1, -1, -1, -1, -1,
        -1,  1, -1, -1, -1, -1, -1,
         1,  1,  1,  1,  1,  1,  1,    
    },
    {
        -1, -1, -1, -1,  1,  1,  1,
        -1, -1, -1, -1, -1,  1, -1,
        -1, -1, -1, -1, -1,  1, -1,
        -1, -1, -1, -1, -1,  1, -1,
        -1, -1, -1, -1, -1,  1, -1,
        -1, -1, -1, -1, -1,  1, -1,
        -1, -1, -1, -1, -1,  1, -1,
        -1,  1, -1, -1, -1,  1, -1,
        -1, -1,  1,  1,  1, -1, -1,    
    },
    {
         1,  1,  1, -1, -1,  1,  1,
        -1,  1, -1, -1, -1,  1, -1,
        -1,  1, -1, -1,  1, -1, -1,
        -1,  1, -1,  1, -1, -1, -1,
        -1,  1,  1, -1, -1, -1, -1,
        -1,  1, -1,  1, -1, -1, -1,
        -1,  1, -1, -1,  1, -1, -1,
        -1,  1, -1, -1, -1,  1, -1,
         1,  1,  1, -1, -1,  1,  1,    
    }
};
