#include <math.h>
// function untuk aktivasi sigmoid
float sigmoid(float x) { return 1 / (1 + exp(-x)); }
// function untuk aktivasi bipolar
int reluCostum(float x) { return (x < 0.5) ? -1.0 : 1.0;}

//  number of input  = 63
static const int numInputs = 63;  

//  number of hidden layer = 32
static const int numHiddenNodes = 32;
float z[numHiddenNodes];

//  number of output = 7
static const int numOutputs = 7;
int y[numOutputs];

static const float learning_rate = 0.1;

//Weight dan bias yang didapat
// weight hidden 
float weight_v[numInputs][numHiddenNodes] = 
{
	{ 	0.280782,	0.018872,	0.654237,	0.292075,	0.492044,	0.066216,	-0.119302,	1.059677,	0.540100,	0.804622,	0.229122,	0.409342,	0.719535,	0.016642,	-0.028299,	0.388298,	0.525810,	0.085862,	0.337765,	0.408693,	0.483510,	0.503436,	0.505349,	0.811711,	0.585061,	0.450621,	0.023657,	0.582170,	0.371003,	0.589453,	0.934765,	0.216108,	},
	{ 	0.129833,	-0.065211,	0.634714,	0.161636,	0.592002,	0.603682,	0.824847,	0.746069,	0.107716,	0.852480,	0.568193,	0.643419,	0.540088,	0.054759,	0.549722,	0.743349,	0.127398,	0.514468,	0.720947,	0.819548,	0.303802,	0.091638,	0.275559,	0.047960,	0.225419,	0.821265,	0.840969,	-0.011294,	0.859730,	0.392882,	0.540693,	-0.227068,	},
	{ 	0.853741,	0.388489,	0.164782,	-0.061848,	0.898407,	-0.079125,	0.334332,	0.875462,	0.138307,	0.832564,	0.385000,	0.354451,	0.820074,	0.033601,	0.679268,	0.628395,	0.690151,	0.200099,	-0.030646,	0.836232,	0.932714,	0.446018,	0.663995,	0.608129,	0.929817,	0.825052,	0.163815,	0.234321,	0.318131,	0.401858,	0.616497,	0.545701,	},
	{ 	0.281959,	0.763743,	0.165948,	0.270458,	0.490138,	0.330310,	0.119024,	0.770363,	0.050520,	0.490482,	0.658363,	-0.074907,	0.410908,	0.483258,	0.903509,	0.687666,	0.418551,	0.928010,	0.586924,	0.607686,	0.218898,	0.026878,	0.647635,	0.047140,	1.240227,	0.210081,	-0.059885,	0.344197,	0.621519,	0.598109,	0.977739,	0.164087,	},
	{ 	0.051053,	0.210772,	0.783445,	0.476107,	0.112241,	0.543860,	0.217820,	1.000470,	0.392862,	0.015603,	0.436932,	0.737450,	0.478566,	0.937980,	0.504356,	0.088351,	0.838471,	0.488460,	0.105020,	0.503068,	0.312789,	0.303809,	0.385470,	0.878795,	0.240635,	0.122345,	0.258062,	0.559641,	0.709688,	0.539532,	0.646339,	-0.099591,	},
	{ 	0.117551,	0.363431,	0.288246,	0.037376,	-0.014798,	0.769847,	0.271779,	0.371587,	0.808356,	0.279884,	-0.014506,	0.775914,	-0.002713,	0.140889,	-0.018466,	0.224424,	0.113743,	0.402253,	0.737732,	1.072923,	0.486097,	0.294685,	0.725192,	0.823749,	-0.015244,	0.138735,	0.611412,	0.838197,	0.215746,	0.743750,	0.546243,	-0.041249,	},
	{ 	0.702826,	0.906691,	0.856626,	0.507945,	1.007297,	0.757888,	0.597989,	0.092170,	0.716048,	0.761354,	1.115136,	1.034435,	0.966901,	0.304237,	0.478072,	0.559012,	0.208102,	0.037087,	0.639908,	1.521407,	0.256367,	0.840264,	0.827712,	0.796147,	-0.400081,	0.747730,	0.821202,	0.088240,	1.541422,	0.626931,	0.382290,	-0.144008,	},
	{ 	0.798425,	0.455107,	0.593505,	0.712862,	0.197563,	0.975882,	0.796108,	0.829882,	0.572230,	0.145127,	0.390388,	1.034775,	0.186541,	0.430655,	0.379761,	0.503472,	0.818710,	0.500558,	0.468488,	0.856128,	0.415981,	0.257863,	1.031569,	0.140494,	0.458037,	0.613000,	0.007073,	-0.003248,	0.635777,	0.782843,	0.245400,	-0.114422,	},
	{ 	0.597714,	0.685360,	0.279375,	0.774628,	0.719996,	0.769495,	0.164374,	0.170521,	0.732061,	0.572927,	0.267564,	0.167667,	0.121983,	0.401975,	0.888473,	0.959482,	0.444016,	0.250843,	0.692428,	0.405482,	0.727485,	0.738606,	0.378659,	0.296511,	-0.670251,	0.001728,	0.186990,	0.987913,	0.369878,	0.764225,	0.195128,	0.103448,	},
	{ 	0.733699,	0.261195,	0.929640,	0.293313,	1.037566,	0.410061,	0.400025,	-0.393787,	0.355007,	0.714048,	0.840164,	0.904545,	0.819574,	0.768609,	0.751659,	0.775539,	0.193053,	0.562190,	0.273770,	0.171274,	0.635409,	0.301890,	0.834730,	0.644429,	-0.122035,	0.651462,	0.399648,	0.775191,	0.175469,	0.273328,	0.445637,	0.579596,	},
	{ 	0.945732,	0.670135,	0.840365,	0.482597,	0.176056,	0.681295,	0.477064,	0.068316,	0.657280,	0.560924,	0.409249,	0.480301,	0.504453,	0.464697,	0.557822,	0.529198,	0.424567,	-0.000239,	0.415394,	-0.065333,	0.605886,	0.859616,	0.597564,	0.845788,	1.080184,	1.021088,	0.528936,	1.011731,	0.365681,	0.571928,	0.492602,	1.207296,	},
	{ 	0.531856,	0.685417,	1.089672,	0.294040,	0.717315,	0.484931,	0.709539,	-0.004526,	0.950083,	0.095719,	0.418332,	0.751877,	0.669561,	0.933187,	0.325905,	1.033765,	0.383114,	0.806871,	0.738994,	0.560881,	0.755445,	0.206931,	0.230595,	0.793616,	-0.451961,	0.500901,	0.646591,	0.822791,	0.705013,	0.807305,	0.239817,	0.496679,	},
	{ 	0.301671,	0.086220,	0.596796,	0.216050,	0.215219,	1.031572,	0.938097,	0.476783,	0.554283,	0.086497,	0.724264,	0.627115,	0.173707,	0.562966,	0.472266,	0.354572,	0.516228,	0.402051,	0.698508,	0.392726,	0.406104,	0.440011,	0.885351,	0.477897,	0.328261,	0.374052,	0.077917,	0.173917,	0.235704,	0.893074,	0.130511,	0.108739,	},
	{ 	-0.047610,	0.041940,	0.622737,	0.128833,	0.002592,	0.365381,	0.309625,	-0.090730,	0.347847,	0.026245,	0.161065,	0.743270,	0.603028,	0.557178,	0.626605,	0.283890,	-0.052273,	1.306533,	0.501008,	-0.151267,	1.028597,	-0.101053,	0.331263,	0.419994,	0.238138,	0.663308,	0.617868,	0.468442,	-0.108962,	0.014491,	1.068487,	-0.463561,	},
	{ 	0.436495,	0.579685,	0.533437,	0.156718,	0.550855,	1.013140,	0.287198,	0.921300,	1.002463,	0.264946,	0.195556,	0.470086,	0.783940,	0.882573,	0.308342,	0.749408,	0.632057,	0.513046,	0.264576,	0.691644,	0.167419,	0.255883,	0.145992,	0.535502,	-0.265971,	0.172652,	0.605701,	0.427696,	-0.054498,	0.743175,	0.301704,	0.304129,	},
	{ 	0.038777,	0.978795,	0.103707,	0.018581,	0.505315,	0.710243,	1.003896,	0.195594,	0.327650,	0.712474,	0.549596,	0.703465,	0.712909,	0.694880,	0.693097,	0.048327,	0.284740,	0.202978,	0.562862,	0.797402,	0.567230,	0.326242,	0.180974,	0.246399,	-0.111584,	0.156335,	0.739373,	0.164391,	0.172757,	0.606240,	0.183447,	0.654443,	},
	{ 	0.616697,	0.726428,	1.015197,	0.169918,	0.643066,	0.874653,	0.662873,	-0.433374,	0.580223,	0.598712,	0.916172,	0.175346,	0.563696,	0.993636,	0.549908,	0.471144,	0.583472,	0.668664,	0.251862,	0.023274,	0.307978,	1.123176,	1.036933,	0.372042,	-0.318036,	0.187360,	0.595614,	0.232412,	0.550494,	0.216794,	0.816207,	0.342070,	},
	{ 	0.553864,	0.414865,	0.816923,	0.735066,	0.910219,	0.899223,	1.004176,	0.139688,	0.510501,	1.066780,	0.755952,	0.471088,	0.653457,	0.471760,	0.460708,	0.303383,	0.227267,	0.380630,	0.516511,	0.223769,	0.041844,	0.401009,	0.883428,	0.614002,	0.256748,	0.940793,	0.306818,	0.782197,	-0.011542,	0.494591,	0.042072,	0.775180,	},
	{ 	0.357380,	0.912928,	0.592644,	0.153381,	0.322363,	0.810543,	0.591653,	-0.269070,	1.079216,	0.206700,	0.939056,	1.038291,	0.292002,	0.622323,	0.134720,	0.486377,	0.429773,	0.385770,	0.869287,	0.909315,	0.624432,	0.496679,	0.845288,	0.747757,	-0.420840,	0.104561,	0.221639,	0.837758,	0.123504,	0.623256,	0.889752,	0.336971,	},
	{ 	0.337480,	0.173339,	0.800976,	0.842054,	0.544339,	0.414671,	0.877907,	-0.121371,	0.336241,	0.311970,	0.580252,	0.579274,	0.984518,	0.992907,	0.526657,	0.176378,	0.660450,	-0.004348,	0.799801,	0.444838,	0.758465,	0.513940,	0.304281,	0.654833,	-0.243985,	0.466982,	1.057300,	1.038896,	0.883075,	0.978997,	0.271941,	-0.132365,	},
	{ 	0.895384,	0.521233,	0.367288,	0.855229,	0.644094,	0.690279,	0.382984,	0.713331,	0.128577,	0.835353,	0.689594,	0.075396,	-0.062721,	0.326474,	0.169586,	0.052639,	0.405315,	0.442007,	0.499411,	0.369503,	0.702199,	0.564984,	0.767258,	0.620293,	0.166956,	0.138024,	0.593115,	0.277224,	-0.600792,	0.039170,	0.987200,	-0.396003,	},
	{ 	0.465290,	0.551575,	0.093165,	0.057111,	0.689120,	0.821573,	0.643920,	0.160588,	0.618091,	0.931397,	0.873784,	0.476196,	0.477021,	0.815914,	0.983151,	0.590429,	0.661037,	0.580525,	0.491772,	0.187596,	1.027222,	0.620578,	0.305548,	0.519955,	0.426511,	0.663699,	0.103903,	0.544504,	0.473811,	0.723726,	0.421520,	0.039462,	},
	{ 	0.504121,	0.446732,	0.225260,	0.440473,	0.742440,	-0.027521,	0.121427,	0.467497,	0.288634,	-0.021461,	0.294874,	0.061299,	0.423917,	0.565044,	0.533533,	0.623059,	0.989385,	0.753258,	0.513409,	0.631459,	0.600748,	0.651760,	0.363738,	0.499592,	-0.284829,	0.700883,	0.529467,	0.281328,	0.730735,	0.224427,	0.761850,	0.235771,	},
	{ 	0.901560,	0.305041,	0.508884,	0.713055,	0.799816,	0.973191,	0.841491,	0.391144,	0.611951,	0.299615,	0.280453,	0.876429,	0.313309,	0.666520,	0.033900,	0.979950,	0.393598,	1.043301,	0.278309,	1.012926,	0.459656,	0.208034,	0.469955,	0.769860,	0.472838,	0.149790,	0.786608,	0.126909,	0.390193,	0.301639,	0.341370,	1.106444,	},
	{ 	0.286449,	0.374286,	0.148558,	0.558617,	0.514744,	0.255587,	0.272816,	0.463884,	0.874497,	0.495703,	0.496278,	0.771056,	0.230678,	0.172529,	-0.003616,	0.265768,	0.574996,	0.319574,	0.899377,	0.590317,	0.282926,	0.691439,	0.273509,	0.154843,	0.211223,	0.905008,	0.962278,	0.928524,	1.230544,	0.126679,	0.579934,	-0.170123,	},
	{ 	0.769240,	0.596413,	0.954958,	0.384586,	0.888799,	0.651570,	0.547678,	0.413796,	0.624898,	1.007823,	0.556766,	0.557647,	0.810962,	0.896119,	0.390154,	0.312112,	0.861525,	0.904445,	0.880203,	-0.119349,	0.660208,	0.963819,	0.415129,	0.188662,	0.681231,	0.458161,	0.122644,	0.702889,	0.830696,	0.769811,	0.922503,	1.094567,	},
	{ 	0.609427,	0.927527,	0.971821,	0.565977,	0.134800,	0.445785,	0.541344,	0.218021,	0.222665,	0.101379,	0.274695,	0.472038,	0.782368,	0.251327,	0.447387,	1.099413,	0.738404,	0.958332,	0.906704,	0.248033,	0.850749,	0.897293,	0.499205,	0.171570,	0.071902,	0.513101,	0.478383,	0.528806,	0.659943,	0.897266,	0.343239,	-0.165198,	},
	{ 	0.166270,	0.015563,	0.879489,	0.387632,	0.219807,	0.922652,	0.682570,	0.397428,	0.133499,	0.141336,	0.217026,	0.611139,	0.386048,	0.570894,	0.518500,	0.342911,	0.295886,	0.706379,	0.416016,	-0.355455,	0.799522,	0.967213,	0.729954,	0.343438,	0.788484,	0.799660,	0.757840,	0.348676,	-0.544174,	0.524900,	0.622240,	0.059483,	},
	{ 	0.729888,	0.764594,	0.303182,	0.388466,	0.387527,	0.393547,	0.623813,	0.228148,	0.319852,	0.672750,	0.798451,	0.360449,	0.115189,	0.586908,	0.069332,	0.909620,	0.319097,	0.577719,	0.345411,	0.290305,	0.341822,	0.879866,	0.156707,	0.623147,	-0.223360,	0.454661,	0.383293,	0.151746,	0.618979,	0.721734,	-0.062050,	0.262804,	},
	{ 	0.428701,	0.197125,	0.314560,	0.170622,	0.473114,	0.567333,	0.685991,	0.527854,	0.328833,	0.243415,	-0.097392,	-0.036036,	0.102422,	0.547301,	0.749063,	0.281458,	0.698868,	0.376959,	0.135374,	0.699988,	1.002836,	0.411809,	0.285299,	0.349386,	0.442082,	0.868139,	0.336875,	-0.020619,	0.406739,	0.479110,	0.810331,	0.572633,	},
	{ 	0.167155,	0.039015,	0.572293,	0.741270,	0.550617,	0.614773,	0.834902,	-0.133994,	0.822917,	0.176912,	0.840791,	0.545573,	0.224109,	0.702486,	0.530597,	0.714279,	0.729990,	0.658954,	0.728696,	0.969491,	0.468624,	0.475762,	0.619760,	0.233271,	0.844541,	0.413784,	0.890876,	0.249066,	0.704211,	0.154886,	0.422881,	1.082745,	},
	{ 	1.001168,	0.266009,	0.430940,	0.419991,	0.798865,	0.901365,	0.514124,	0.215379,	0.874568,	0.526545,	-0.006792,	0.271215,	0.841275,	0.177741,	0.133776,	0.795344,	0.490574,	0.627387,	0.846468,	0.788135,	0.506800,	0.810888,	0.616575,	0.060440,	-0.297729,	0.633452,	0.609669,	0.429609,	0.942560,	0.069663,	0.357622,	0.172143,	},
	{ 	0.419995,	0.616377,	0.481510,	0.047774,	0.721894,	0.255741,	0.294428,	0.283717,	0.088268,	0.884123,	0.866281,	0.612394,	-0.016459,	0.674030,	0.559955,	0.531659,	0.794142,	0.674506,	0.679055,	0.184939,	0.638887,	0.241346,	0.957910,	0.192925,	1.413504,	0.468024,	0.090946,	0.935779,	1.061814,	0.248152,	0.021660,	0.515095,	},
	{ 	0.108736,	0.916435,	0.548736,	0.569935,	0.115865,	0.109515,	0.685152,	0.326037,	0.662974,	0.449887,	0.412179,	0.154204,	0.862923,	0.651597,	0.355520,	0.361794,	0.311999,	1.087686,	0.229504,	-0.097780,	0.928125,	0.644795,	0.233013,	0.798863,	-0.099774,	0.085749,	0.151985,	0.336540,	0.236012,	0.758995,	0.714386,	0.247107,	},
	{ 	0.323353,	0.188096,	0.385261,	0.247857,	0.247896,	0.718627,	0.552016,	0.800470,	0.680138,	0.366797,	0.560987,	0.693679,	0.891588,	0.808601,	0.913038,	0.405323,	0.368161,	0.258364,	0.531418,	-0.324801,	0.919737,	0.827467,	0.192764,	0.252305,	0.347485,	0.802438,	0.241097,	0.461979,	-0.057636,	0.899109,	0.098552,	-0.043982,	},
	{ 	0.567039,	0.758340,	0.183409,	0.244705,	0.280491,	0.439868,	0.138437,	1.011794,	0.792346,	0.622457,	0.519939,	0.402084,	0.878740,	0.182502,	0.177861,	0.779931,	0.635364,	0.079433,	0.748788,	0.140705,	0.945816,	0.700846,	0.378187,	0.370817,	-0.056997,	0.327907,	0.024276,	0.910136,	0.648593,	0.449310,	0.656366,	0.299474,	},
	{ 	0.792807,	0.164067,	0.417607,	0.911270,	0.364164,	0.292820,	0.150342,	0.492953,	0.748111,	0.838308,	0.549210,	0.771692,	0.671842,	0.450745,	0.288559,	0.360326,	0.344402,	0.857931,	0.625334,	0.717650,	0.106695,	0.730200,	0.219639,	0.623531,	1.125301,	0.317992,	0.602103,	0.130049,	0.510524,	0.077647,	0.335468,	0.658134,	},
	{ 	0.335080,	0.863750,	0.172313,	0.624875,	1.004021,	0.387522,	0.363841,	0.164134,	0.220529,	0.982596,	0.302439,	0.230242,	0.920558,	0.961989,	0.127483,	0.201855,	0.974943,	0.062883,	0.846717,	-0.091317,	0.333191,	0.782574,	0.738763,	0.170726,	0.889085,	0.888697,	0.481922,	0.104008,	0.152120,	1.086009,	0.842558,	0.890483,	},
	{ 	0.945373,	0.345198,	0.820030,	0.672672,	0.261905,	0.357106,	0.168972,	-0.240653,	0.448472,	1.049649,	0.170648,	0.611081,	0.482734,	0.876802,	0.738989,	0.665707,	0.473998,	0.255619,	0.711316,	0.764968,	0.115105,	0.164115,	0.989331,	0.287926,	-0.026912,	0.616336,	0.454457,	0.190266,	0.378206,	0.248540,	0.539528,	1.085582,	},
	{ 	0.615682,	0.999824,	0.182958,	0.528555,	0.141698,	0.452058,	1.007802,	0.393176,	0.967013,	1.098655,	0.963192,	0.907810,	0.951230,	0.466534,	0.723941,	0.835522,	0.960980,	0.389940,	0.239289,	0.082749,	0.864754,	0.650588,	0.462080,	0.634776,	0.130428,	0.975659,	1.054247,	0.209145,	0.502618,	0.800628,	0.254451,	0.628687,	},
	{ 	0.872398,	0.144612,	0.405251,	0.359236,	0.853828,	0.427714,	0.883952,	-0.115491,	0.924269,	0.852369,	0.727489,	0.742876,	0.910030,	0.018214,	0.709721,	0.487840,	0.617200,	0.413754,	0.575168,	0.000076,	0.792027,	0.321358,	0.482849,	0.504089,	1.207128,	0.132521,	0.525118,	0.837285,	0.336769,	1.073456,	0.975695,	1.545059,	},
	{ 	0.639409,	0.231701,	0.695720,	0.122364,	0.554057,	0.417763,	0.093082,	0.431135,	0.544895,	0.403974,	0.612905,	0.527947,	0.885901,	0.781305,	0.614369,	0.102732,	-0.006390,	0.943191,	0.184209,	0.099752,	0.519686,	0.569176,	0.099475,	0.765263,	1.063312,	0.278014,	0.067534,	0.675487,	-0.005330,	0.300981,	0.650994,	-0.062189,	},
	{ 	0.578933,	0.601136,	0.850711,	0.661091,	0.254250,	0.098898,	0.550894,	0.432523,	0.055547,	0.177436,	0.554880,	0.469662,	0.536904,	0.715819,	0.437752,	0.354386,	0.314294,	0.109209,	0.583694,	0.444265,	0.161600,	0.370655,	0.717379,	0.551489,	0.888020,	0.528557,	0.980307,	0.056156,	0.338815,	0.165924,	0.932924,	0.271668,	},
	{ 	0.613888,	0.140598,	0.549103,	0.012226,	0.447240,	0.858748,	0.509328,	0.770593,	0.965838,	0.543202,	0.180202,	0.800620,	0.221784,	0.678899,	0.592359,	0.984474,	0.519552,	0.136734,	0.138404,	0.256993,	0.922152,	0.552551,	0.819994,	0.075504,	0.909392,	0.952698,	0.460777,	0.286444,	0.596882,	0.375189,	0.925429,	0.476490,	},
	{ 	0.517841,	0.843578,	0.915509,	0.808943,	0.771130,	0.836146,	0.480414,	-0.326939,	0.823686,	1.001937,	0.310452,	0.113770,	0.299783,	0.193768,	0.280430,	0.810156,	0.811254,	0.481347,	0.370151,	0.319006,	0.256333,	0.278097,	0.942668,	0.563427,	-0.071498,	0.715520,	1.011960,	0.954278,	0.693523,	0.315553,	0.130661,	0.062069,	},
	{ 	0.298671,	0.193497,	0.462443,	0.697337,	1.013277,	0.398386,	0.190350,	-0.465390,	1.021736,	0.967398,	1.057935,	0.657176,	0.296053,	0.502719,	0.896637,	1.078668,	0.719865,	0.512718,	0.518379,	0.605335,	0.267821,	0.356912,	0.585194,	0.498600,	0.608903,	1.030505,	0.074739,	0.373363,	0.487049,	1.001951,	0.803835,	0.296349,	},
	{ 	0.864198,	0.917398,	0.526422,	0.853964,	0.452874,	0.663820,	0.693633,	-0.496212,	0.507027,	0.865126,	0.409325,	0.415799,	0.308510,	0.771928,	0.672605,	0.705746,	0.463485,	0.116869,	0.222275,	0.688321,	0.474042,	0.348230,	0.992916,	0.492383,	-0.662710,	0.231795,	0.627941,	1.055183,	-0.454434,	0.445465,	0.269313,	0.756962,	},
	{ 	0.295680,	0.414389,	0.480845,	0.791582,	0.643137,	0.190532,	0.501366,	-0.454260,	0.680168,	0.620992,	0.438217,	0.362726,	0.553180,	0.675622,	0.407624,	0.143110,	1.117060,	0.060948,	0.364270,	0.637615,	0.283296,	0.349690,	1.068957,	0.234505,	0.115026,	1.037292,	0.854093,	0.292191,	0.145510,	0.365927,	0.398646,	0.534936,	},
	{ 	0.180140,	0.451983,	0.781493,	0.791329,	0.623602,	0.432454,	0.599272,	1.050838,	0.825708,	0.650006,	0.102153,	0.918298,	0.154973,	0.358688,	0.359086,	0.701608,	0.879475,	1.147297,	0.366332,	0.153697,	0.649045,	-0.007886,	0.212002,	0.784172,	0.935081,	0.876910,	0.819588,	0.222569,	-0.037751,	0.873755,	0.624457,	0.467250,	},
	{ 	0.139811,	0.176924,	0.901175,	0.812388,	0.867685,	0.091657,	0.448659,	0.323709,	1.000910,	0.199279,	0.168696,	0.642653,	0.864974,	0.534926,	0.148770,	0.765714,	0.709160,	0.730620,	0.052671,	0.932478,	0.122429,	1.040133,	0.302214,	0.485519,	0.802461,	0.745131,	0.950417,	0.685478,	0.774442,	0.226786,	0.755926,	0.004914,	},
	{ 	0.396897,	0.923567,	0.777302,	0.352140,	0.170592,	0.843246,	0.279842,	0.600127,	0.341368,	0.257003,	0.866582,	0.190030,	0.690442,	0.350187,	0.458079,	0.464134,	0.668800,	0.644883,	0.021030,	0.770291,	0.326544,	0.496380,	0.937485,	0.760324,	0.678143,	0.762002,	0.447338,	0.410958,	0.381631,	0.646737,	0.273248,	0.939054,	},
	{ 	0.539739,	0.360707,	0.444399,	0.437044,	0.738109,	1.106895,	0.944517,	0.406851,	0.157237,	1.053537,	0.197918,	0.519732,	0.287028,	0.811706,	0.093931,	0.744115,	1.058147,	0.073943,	0.591643,	-0.074472,	0.492001,	0.567742,	0.553589,	0.509237,	-0.267270,	0.622582,	1.011057,	0.771231,	0.622180,	0.122755,	0.243090,	0.106655,	},
	{ 	0.878484,	0.649998,	0.655594,	0.404167,	0.166917,	0.314513,	0.520641,	0.312875,	0.401330,	0.271033,	0.558605,	0.757929,	0.652996,	0.088480,	0.552084,	0.521069,	0.235470,	0.457303,	0.179585,	0.068730,	0.373800,	0.537487,	1.065889,	1.010398,	-0.325999,	0.502623,	0.871478,	1.054155,	0.333665,	0.688130,	0.512224,	-0.137511,	},
	{ 	0.639234,	0.584143,	0.830927,	0.218213,	0.266854,	0.325819,	0.551555,	-0.120775,	0.399960,	0.244021,	1.000653,	0.355356,	1.016620,	0.806825,	1.046340,	0.392923,	0.420665,	0.513797,	0.765526,	0.367771,	0.421975,	0.536230,	0.930635,	0.530517,	-0.655544,	0.979161,	1.029491,	0.640833,	1.030448,	0.512018,	0.547963,	0.525717,	},
	{ 	0.535950,	0.128730,	0.648631,	0.288911,	0.615463,	1.085981,	0.837835,	-0.127365,	0.667635,	0.962772,	0.438358,	0.413857,	1.075617,	1.004776,	0.643007,	0.392380,	0.659648,	-0.147372,	0.844698,	0.446565,	0.463648,	0.364045,	0.279095,	0.238189,	0.186844,	0.274983,	0.854838,	0.940427,	0.196353,	0.208063,	0.070603,	0.896535,	},
	{ 	0.642884,	0.420091,	0.290851,	0.716156,	0.284576,	0.484372,	0.632530,	1.001395,	0.858681,	0.698982,	0.649323,	0.596099,	0.746915,	0.608190,	0.713868,	0.349281,	0.476353,	0.701021,	0.759971,	0.338531,	0.863230,	0.682332,	0.504694,	0.222845,	0.557199,	0.398702,	0.836603,	0.361419,	0.115603,	0.355809,	0.109283,	0.260489,	},
	{ 	-0.041453,	0.478528,	0.577758,	0.531433,	0.695720,	0.499672,	0.815655,	0.636055,	0.647126,	-0.075759,	-0.061872,	-0.050751,	0.803442,	0.199046,	0.699151,	0.111722,	0.149847,	0.773976,	0.249050,	0.643739,	0.974400,	0.738723,	0.819556,	0.130908,	1.069950,	0.620436,	0.398127,	0.401953,	0.175418,	0.394736,	0.937352,	0.788997,	},
	{ 	0.826030,	0.889445,	0.817150,	0.013130,	0.213139,	0.243688,	0.605116,	1.127010,	0.640182,	0.375128,	0.270535,	0.526546,	0.523768,	0.726335,	0.747367,	0.129955,	0.643548,	0.216056,	0.073114,	0.957815,	1.056256,	-0.107122,	0.352730,	0.721265,	1.407736,	0.881337,	0.360372,	0.873765,	0.765316,	0.265525,	0.286281,	1.109589,	},
	{ 	-0.091479,	0.123098,	-0.007315,	0.708860,	-0.005933,	0.801870,	0.657942,	1.356120,	0.373190,	0.668851,	0.853553,	0.307463,	0.090693,	0.387288,	0.026517,	0.220244,	-0.040762,	0.278643,	0.340586,	0.972160,	0.963673,	0.782288,	0.744836,	0.299755,	0.749134,	0.661443,	0.389130,	0.343128,	0.559866,	0.491706,	0.692888,	0.687150,	},
	{ 	0.609419,	-0.102567,	0.521916,	-0.045801,	0.858001,	0.540346,	0.160335,	0.848963,	0.344581,	0.548718,	0.108548,	0.037878,	0.592303,	0.581351,	0.639327,	0.013915,	0.734811,	0.282657,	0.179934,	0.670745,	0.846326,	0.773456,	0.636916,	0.658177,	0.310484,	0.138025,	-0.040763,	0.769532,	1.343795,	0.106725,	0.444904,	-0.631960,	},
	{ 	0.546737,	0.736928,	-0.052974,	0.460906,	0.586878,	0.320126,	-0.058557,	1.304657,	-0.088888,	0.329786,	0.393579,	-0.005766,	0.519336,	0.419745,	-0.024320,	0.182195,	0.192835,	0.707869,	0.338040,	0.312087,	0.828123,	-0.105977,	0.695576,	-0.034017,	0.590917,	0.405724,	0.776173,	0.268653,	0.962696,	0.742043,	0.812226,	-0.378209,	},
	{ 	0.684735,	0.619315,	0.796901,	0.735551,	0.360581,	0.050148,	0.399625,	0.740415,	0.215438,	0.645691,	0.832409,	0.125638,	0.033983,	0.218729,	0.711732,	0.680609,	0.270499,	1.092571,	0.555871,	0.483731,	0.890091,	0.329000,	0.906318,	0.246053,	1.096955,	0.101417,	0.809089,	0.239175,	0.654796,	0.033349,	0.377931,	1.186659,	},
	{ 	0.124097,	0.710404,	1.045322,	0.905411,	0.614951,	0.336501,	0.188954,	0.213553,	0.672266,	0.263186,	0.198612,	0.387537,	0.678044,	0.385731,	0.150488,	0.079111,	0.870051,	-0.354377,	0.337400,	1.265527,	0.188973,	0.412334,	0.324330,	1.045254,	0.076779,	0.751937,	0.424389,	0.223357,	1.182413,	0.667156,	0.630335,	0.979892,	},
};

// bias hidden 
float bias_v[numHiddenNodes] = { 	0.807667,	0.458841,	0.736131,	0.161797,	0.327840,	0.012462,	0.440638,	0.805494,	0.933097,	0.563489,	0.567060,	0.575652,	0.987787,	0.728453,	0.111175,	0.510826,	0.444486,	0.474775,	0.544986,	0.585182,	0.148493,	0.725622,	0.525456,	0.345189,	0.587793,	0.032957,	0.908952,	0.757572,	0.507967,	0.409143,	0.463210,	0.162533,	};

// weight output 
float weight_w[numHiddenNodes][numOutputs] = 
{
	{ 	0.713631,	0.073233,	0.600436,	0.092457,	0.176198,	0.858291,	0.693411,	},
	{ 	0.816908,	0.314512,	0.275050,	0.581144,	0.850559,	0.360957,	0.393695,	},
	{ 	0.388208,	0.106611,	0.331433,	0.573110,	0.462050,	0.149514,	0.705195,	},
	{ 	0.671035,	0.562184,	0.240899,	0.382708,	0.052972,	0.290235,	0.755407,	},
	{ 	-0.007421,	0.575261,	0.069079,	0.661163,	0.671588,	0.506212,	0.474452,	},
	{ 	0.662960,	0.542518,	0.666925,	0.943272,	0.648127,	0.900545,	0.355063,	},
	{ 	0.518833,	0.284103,	0.357448,	0.157697,	0.548164,	0.561397,	0.768841,	},
	{ 	-3.587150,	0.627133,	6.463216,	7.530677,	1.907050,	-8.145451,	-4.236030,	},
	{ 	0.822592,	0.362952,	0.396587,	0.605507,	0.163976,	0.535938,	0.350156,	},
	{ 	0.897213,	0.452162,	-0.032935,	0.789515,	0.093642,	0.833044,	0.818003,	},
	{ 	0.778083,	0.059168,	0.911337,	0.191231,	0.682826,	0.024400,	0.780520,	},
	{ 	0.745380,	0.046155,	0.756839,	0.559048,	-0.017379,	0.510215,	0.603736,	},
	{ 	-0.011338,	0.356450,	0.519786,	0.262934,	0.605732,	0.757122,	0.691033,	},
	{ 	0.722524,	0.713562,	0.112905,	0.736084,	0.292234,	-0.011667,	0.091861,	},
	{ 	0.452850,	1.042037,	0.053655,	0.488155,	0.156881,	0.758012,	-0.003993,	},
	{ 	0.315539,	0.637471,	0.738663,	0.310180,	0.588514,	0.730927,	0.066448,	},
	{ 	0.940023,	0.631017,	0.898108,	0.249991,	0.821198,	0.182004,	0.422436,	},
	{ 	-1.200768,	4.655989,	-0.455411,	-3.025732,	-2.263796,	-0.283220,	-0.779225,	},
	{ 	0.002916,	0.287062,	0.644059,	0.130835,	0.643369,	0.308323,	0.245033,	},
	{ 	-3.003176,	-0.761256,	-3.426878,	-3.644933,	2.435756,	-3.525382,	6.623244,	},
	{ 	-0.396357,	2.407008,	-0.102093,	-0.351038,	-0.482637,	-0.021903,	0.505275,	},
	{ 	0.115583,	0.644411,	-0.144589,	0.099059,	0.328222,	0.777630,	0.844707,	},
	{ 	0.562834,	0.938098,	0.280004,	0.792027,	0.010932,	0.127813,	0.265106,	},
	{ 	0.087455,	0.662633,	0.670707,	0.045016,	0.403930,	0.047489,	0.111623,	},
	{ 	4.254605,	1.360265,	-6.933633,	3.367681,	0.408100,	-3.724497,	-1.802148,	},
	{ 	0.668953,	0.117863,	-0.001577,	0.306050,	0.243060,	0.253971,	0.532556,	},
	{ 	0.350406,	0.382765,	0.829039,	0.236988,	0.914967,	0.285137,	0.732345,	},
	{ 	0.638186,	0.832653,	0.907147,	0.480484,	0.769078,	0.783684,	0.285170,	},
	{ 	0.054194,	-0.554596,	-0.213911,	-2.492779,	5.033195,	-0.085429,	-1.544863,	},
	{ 	0.474319,	0.360708,	0.492553,	0.946962,	0.562122,	-0.036059,	0.945683,	},
	{ 	0.355254,	1.218425,	0.386316,	-0.379170,	-0.067479,	-0.032215,	0.240525,	},
	{ 	3.378233,	-0.708536,	-1.374312,	0.567870,	-0.588359,	-2.561905,	1.246257,	},
};

// wbias output 
float bias_w[numOutputs] = { 	-4.167130,	-5.738242,	-2.544272,	-8.313423,	-6.102072,	2.838374,	-3.707126,	};

